0	103373	106338	154340	155297	155591	157505	157794	157849	157959	158017	158379	158433	158937	159000	205422	206453	206543	206604	207467	208623	210688	211935	254972	257021	261025	261271	263306	263796	322950	323012	335584	337019	363687	369621	371317	371391	372454	372510	374605	374977	398452	398511	407611	411051	466275	467727	467862	470868	472081	473244	473517	473598	493147	493204	494346	495079	495395	495586	495731	497589	498710	499164	499495	500661	500865	500928	501318	501402	501768	501835	596272	596328	637978	638974	663355	664615	667021	667071	675425	675687	684369	684481	713470	714007	876262	876312	876467	880933	885038	885974	886499	886557	892281	892346	894553	894620	896337	896740	896866	896922	897416	897496	984745	984798	1035979	1036051	1058217	1058272	1058367	1058985	1059064	1065782	1068202	1068261	1068775	1069130	1069185	1069813	1069873	1070924	1071019	1071081	1071236	1074124	1078199	1078259	1078380	1078433	1078782	1078836	1079978	1080045	1122726	1124161	1128971	1129106	1147568	1147628	1207261	1208148	1208241	1208361	1213397	1214186	1247379	1247445	1268692	1268755	1351857
>20	22	-
76,1
0	2040
1	76
0	42986
>56	58	-
73,1	76,1
0	291
1	20
2	56
1	17
0	77
>142	144	-
76,1
0	5005
1	76
0	33148
>128	130	-
76,2
0	298
1	34
2	42
1	34
0	1083
>0	2	+
76,1
0	103347
1	76
0	47952
>132	134	+
76,1
0	42655
1	76
0	4760
>62	64	-
76,5
0	272
1	9
2	27
3	2
4	12
5	26
4	9
3	27
2	2
1	12
0	137
>22	24	+
76,1
0	43011
1	76
0	3954
>86	88	-
76,2
0	83
1	28
2	48
1	28
0	4073
>40	42	-
76,1
0	23431
1	76
0	9068
>98	100	-
76,1
0	79
1	76
0	465
>90	92	-
76,1
0	498
1	76
0	5675
>102	104	-
76,1
0	87218
1	76
0	51136
>4	6	+
76,2
0	268
1
2	75
1
0	238
>50	52	+
76,1
0	218
1	76
0	19528
>82	84	-
76,1
0	28964
1	76
0	162204
>126	128	-
76,2
0	53
1	27
2	49
1	27
0	314
>70	72	+
76,1
0	94389
1	76
0	41622
>146	148	+
76,1
0	21216
1	76
0	83057
>66	68	-
76,5
0	334
1	2
2	12
3	25
4	6
5	31
4	2
3	12
2	25
1	6
0	301
>58	60	-
76,2
0	113
1	26
2	50
1	26
0	1051
>80	82	+
76,1
0	8642
1	76
0	28953
>100	102	-
76,2
0	454
1	25
2	51
1	25
0	87188
>10	12	+
76,3
0	307
1	13
2	33
3	30
2	13
1	33
0	437
>140	142	+
76,1
0	57
1	76
0	4996
>30	32	+
76,2
0	12508
1	31
2	45
1	31
0	26625
>36	38	-
76,3
0	1012
1	5
2	24
3	47
2	5
1	24
0	2041
>120	122	-
76,2
0	67
1	20
2	56
1	20
0	87
>130	132	-
76,1
0	1098
1	76
0	42649
>8	10	+
76,2
0	61
1	14
2	62
1	14
0	321
>124	126	-
76,1
0	4040
1	76
0	80
>114	116	118	-
76,1
0	502
1	76
0	51
>84	86	-
76,2
0	162214
1	33
2	43
1	33
0	87
>18	20	-
76,2
0	831
1	5
2	71
1	5
0	2016
>96	98	-
76,1
0	1681
1	76
0	86
>116	118	-
76,1
0	18
1	76
0	21
>78	80	-
76,1
0	8325
1	76
0	8635
>6	8	+
76,3
0	250
1	9
2
3	66
2	9
1
0	63
>14	16	-
76,3
0	46352
1	24
2	17
3	35
2	24
1	17
0	43
>68	70	-
76,2
0	331
1	2
2	74
1	2
0	94394
>26	28	+
76,1
0	2008
1	76
0	59105
>118	120	-
76,2
0	16
1	15
2	61
1	15
0	48
>34	36	-
76,2
0	1629
1	40
2	36
1	40
0	1014
>2	4	+
76,2
0	47953
1	2
2	74
1	2
0	265
>114	116	-
76,2
0	440
1	39
2	37
1	39
0	14
>28	30	-
76,1
0	59121
1	76
0	12529
>24	26	+
76,2
0	3960
1	12
2	64
1	12
0	1991
>104	106	-
76,1
0	51127
1	76
0	22144
>54	56	-
76,3
0	1098
1	21
2	7
3	48
2	21
1	7
0	256
>64	66	-
76,6
0	132
1	26
2	17
3
4	6
5	19
6	7
5	26
4	17
3
2	6
1	19
0	317
>108	110	-
76,4
0	35
1	30
2	3
3	15
4	28
3	30
2	3
1	15
0	15
>92	94	-
76,1
0	5674
1	76
0	2181
>144	146	+
76,1
0	33140
1	76
0	21224
>106	108	-
76,2
0	22099
1	31
2	45
1	31
0	55
>76	78	-
76,1
0	2380
1	76
0	8304
>74	76	-
76,2
0	24313
1	31
2	45
1	31
0	2367
>38	40	-
76,1
0	2066
1	76
0	23428
>16	18	-
76,2
0	32
1	6
2	70
1	6
0	839
>72	74	+
76,1
0	41607
1	76
0	24348
>32	34	-
76,3
0	26626
1	15
2	11
3	50
2	15
1	11
0	1636
>52	54	-
76,2
0	19501
1	16
2	60
1	16
0	1098
>12	14	+
76,1
0	477
1	76
0	46373
>44	46	+
76,1
0	55199
1	76
0	84
>136	138	+
76,2
0	18418
1	27
2	49
1	27
0	59574
>94	96	-
76,1
0	2162
1	76
0	1686
>110	112	-
76,1
0	47
1	76
0	2376
>48	50	+
76,1
0	1191
1	76
0	219
>112	114	-
76,4
0	2394
1	11
2	12
3
4	52
3	11
2	12
1
0	440
>122	124	-
76,1
0	119
1	76
0	4035
>46	48	+
76,1
0	90
1	76
0	1182
>60	62	-
76,5
0	1065
1	21
2	8
3	21
4	4
5	22
4	21
3	8
2	21
1	4
0	257
>88	90	-
76,2
0	4036
1	42
2	34
1	42
0	476
>134	136	+
76,1
0	4788
1	76
0	18408
>42	44	-
76,1
0	9066
1	76
0	55182
>138	140	+
76,2
0	59569
1	36
2	40
1	36
0	45
